emrg0230.18i
     1.0            IONOSPHERE MAPS     GNSS                IONEX VERSION / TYPE
Run_GlbDaily        NRCan/CGS           25-Jan-18 08:42     PGM / RUN BY / DATE
NRCAN'S GLOBAL IONOSPHERE MAPS FOR DAY 023, 2018            COMMENT
Global ionosphere maps (GIM) are generated on a daily basis DESCRIPTION
Contact:     Reza.Ghoddousi-Fard@canada.ca                  DESCRIPTION
  2018     1    23     0     0     0                        EPOCH OF FIRST MAP
  2018     1    24     0     0     0                        EPOCH OF LAST MAP
  3600                                                      INTERVAL
    25                                                      # OF MAPS IN FILE
  MOD                                                       MAPPING FUNCTION
    10.0                                                    ELEVATION CUTOFF
One-way carrier phase leveled to code                       OBSERVABLES USED
   367                                                      # OF STATIONS
    54                                                      # OF SATELLITES
  6371.0                                                    BASE RADIUS
     2                                                      MAP DIMENSION
   450.0 450.0   0.0                                        HGT1 / HGT2 / DHGT
    87.5 -87.5  -2.5                                        LAT1 / LAT2 / DLAT
  -180.0 180.0   5.0                                        LON1 / LON2 / DLON
    -1                                                      EXPONENT
TEC/RMS values in 0.1 TECU; 9999, if no value available     COMMENT
DCB values in ns; zero-mean condition wrt satellite values  COMMENT
                                                            END OF HEADER
[from data line 3003]
     8                                                      START OF TEC MAP
  2018     1    23     7     0     0                        EPOCH OF CURRENT MAP
    87.5-180.0 180.0   5.0 450.0                            LAT/LON1/LON2/DLON/H
   19   18   18   18   18   17   17   17   17   17   17   17   17   17   17   17
   17   17   17   17   17   17   18   18   18   18   19   19   19   19   20   20
   20   21   21   21   22   22   22   23   23   23   24   24   24   24   24   25
   25   25   25   25   25   25   24   24   24   24   24   23   23   23   22   22
   21   21   21   20   20   19   19   19   19
    85.0-180.0 180.0   5.0 450.0                            LAT/LON1/LON2/DLON/H
   17   17   16   16   16   16   16   15   15   15   15   15   15   15   15   15
   15   15   15   15   15   15   16   16   16   17   17   18   18   19   19   20
   20   21   22   22   23   23   24   25   25   26   27   27   28   28   29   29
   30   30   30   30   30   30   30   30   29   29   28   27   27   26   25   24
   23   22   21   20   19   19   18   18   17
    82.5-180.0 180.0   5.0 450.0                            LAT/LON1/LON2/DLON/H
   16   16   16   16   16   15   15   15   15   15   15   14   14   14   14   13
   13   13   13   13   13   14   14   14   15   15   16   17   17   18   19   20
   20   21   22   23   24   24   25   26   27   28   29   29   30   31   32   33
   34   35   36   37   37   37   37   37   36   35   34   33   31   30   28   26
   25   23   22   20   19   18   18   17   16
    80.0-180.0 180.0   5.0 450.0                            LAT/LON1/LON2/DLON/H
   17   16   16   16   17   17   17   17   17   16   16   15   15   14   13   13
   12   12   12   12   12   12   13   13   14   15   15   16   17   18   19   20
   21   21   22   23   24   25   26   26   27   28   29   30   32   33   35   36
   38   40   41   43   44   44   45   44   44   42   41   39   37   34   32   29
   27   25   23   21   20   18   18   17   17
    77.5-180.0 180.0   5.0 450.0                            LAT/LON1/LON2/DLON/H
   18   18   18   18   19   19   19   19   19   18   18   17   15   14   13   12
   12   11   11   11   11   11   12   13   14   15   16   16   17   18   19   20
   21   22   23   23   24   25   25   26   27   28   29   30   31   33   35   38
   41   43   46   48   50   51   52   52   51   50   47   45   42   39   36   32
   30   27   24   22   21   19   18   18   18
    75.0-180.0 180.0   5.0 450.0                            LAT/LON1/LON2/DLON/H
   20   20   20   21   21   22   22   22   22   21   20   18   17   15   13   12
   11   11   10   10   11   12   13   14   15   16   17   18   19   19   20   21
   21   22   23   23   24   25   25   26   26   27   27   29   30   32   35   38
   42   46   49   53   56   58   59   59   58   56   53   50   46   43   39   35
   32   29   26   24   22   21   20   20   20
    72.5-180.0 180.0   5.0 450.0                            LAT/LON1/LON2/DLON/H
   22   22   23   23   24   24   25   25   24   23   22   20   18   16   14   12
   11   11   11   11   12   13   14   15   17   18   19   20   21   21   22   22
   22   23   23   23   24   25   25   25   26   26   26   27   29   31   34   38
   42   47   52   56   60   63   64   64   63   60   57   53   49   45   41   37
   34   31   28   26   25   24   23   22   22
    70.0-180.0 180.0   5.0 450.0                            LAT/LON1/LON2/DLON/H
   25   25   25   25   26   26   27   27   26   25   24   22   19   17   15   13
   12   12   12   13   14   15   17   18   19   21   22   23   23   23   23   23
   23   23   23   23   24   25   25   25   26   26   26   26   28   30   33   37
   43   48   54   59   63   66   68   67   66   63   59   55   50   46   42   38
   35   33   31   29   28   26   26   25   25
    67.5-180.0 180.0   5.0 450.0                            LAT/LON1/LON2/DLON/H
   28   27   27   27   27   27   28   28   28   27   25   23   21   19   17   15
   14   14   15   16   17   18   19   21   22   23   25   25   26   26   25   24
   23   23   22   23   24   25   26   26   26   26   26   27   28   30   34   38
   44   50   56   61   66   69   70   69   67   63   59   54   50   46   42   39
   36   34   33   32   31   30   29   28   28
    65.0-180.0 180.0   5.0 450.0                            LAT/LON1/LON2/DLON/H
   30   29   29   28   28   28   28   28   28   28   27   25   23   21   19   18
   17   17   17   18   19   20   21   23   24   25   26   27   28   27   26   25
   23   22   22   22   23   25   26   27   28   28   29   29   31   33   37   41
   47   52   58   63   67   70   71   70   67   63   58   54   49   45   41   39
   37   36   35   35   34   33   32   31   30
    62.5-180.0 180.0   5.0 450.0                            LAT/LON1/LON2/DLON/H
   33   32   31   30   29   28   28   29   29   29   28   27   25   23   22   20
   20   20   20   21   21   22   22   23   24   25   27   28   29   28   27   25
   23   21   21   21   23   25   27   29   30   31   32   33   35   38   42   46
   51   56   61   65   69   71   72   70   67   63   58   53   49   45   42   39
   38   37   37   37   37   37   36   35   33
    60.0-180.0 180.0   5.0 450.0                            LAT/LON1/LON2/DLON/H
   37   35   34   32   31   30   29   29   30   30   30   29   27   26   25   24
   23   23   23   22   22   21   21   22   23   24   26   28   28   28   27   24
   22   20   19   20   22   25   28   31   33   35   36   38   41   45   49   53
   57   60   64   67   70   72   72   71   69   65   60   55   50   46   43   41
   39   39   39   40   41   40   40   38   37
    57.5-180.0 180.0   5.0 450.0                            LAT/LON1/LON2/DLON/H
   40   39   37   36   34   33   32   31   31   31   31   30   30   28   27   27
   26   25   24   23   22   20   20   20   21   23   25   27   28   27   26   23
   21   19   18   20   22   26   30   33   36   38   40   44   48   53   57   60
   63   65   66   68   71   73   74   74   72   68   64   59   54   50   46   43
   41   41   42   43   44   44   43   42   40
    55.0-180.0 180.0   5.0 450.0                            LAT/LON1/LON2/DLON/H
   43   42   42   41   39   37   35   34   33   33   32   32   31   30   30   29
   28   27   26   23   21   19   18   18   19   21   24   25   26   26   24   22
   20   18   18   20   23   27   31   35   38   41   45   49   55   61   65   68
   68   68   68   69   71   73   76   77   76   73   69   64   59   54   49   45
   43   43   45   46   48   48   47   45   43
    52.5-180.0 180.0   5.0 450.0                            LAT/LON1/LON2/DLON/H
   46   45   46   46   45   43   41   38   36   35   34   33   32   32   32   31
   31   29   27   24   21   19   18   19   20   22   24   25   25   25   23   21
   19   18   18   20   24   29   33   37   41   44   49   54   61   68   73   74
   73   70   68   68   70   74   78   81   81   79   75   70   65   58   53   48
   45   45   47   50   52   51   49   47   46
    50.0-180.0 180.0   5.0 450.0                            LAT/LON1/LON2/DLON/H
   47   47   49   51   51   49   46   43   39   37   35   33   33   33   33   33
   33   31   29   26   24   22   22   22   24   25   26   26   26   24   22   20
   18   18   19   22   26   31   36   40   44   47   52   59   67   74   78   79
   75   71   67   66   70   75   81   85   86   84   80   75   69   62   55   50
   47   47   50   54   55   54   52   48   47
    47.5-180.0 180.0   5.0 450.0                            LAT/LON1/LON2/DLON/H
   46   47   50   54   56   55   51   47   43   39   36   34   33   34   35   36
   35   34   32   30   28   28   28   29   31   31   31   30   27   25   22   20
   19   19   21   24   28   33   38   43   47   51   56   63   71   78   82   81
   76   70   65   65   69   76   83   88   89   87   83   77   71   64   56   50
   48   49   53   57   59   57   53   48   46
    45.0-180.0 180.0   5.0 450.0                            LAT/LON1/LON2/DLON/H
   43   45   50   55   58   58   55   50   46   42   38   36   34   35   36   38
   38   38   36   35   35   37   38   40   40   40   38   34   31   27   23   21
   20   21   23   27   31   36   42   47   51   55   60   66   74   80   83   81
   75   69   64   65   70   78   85   90   91   88   83   77   71   63   56   50
   48   50   56   61   62   59   53   46   43
    42.5-180.0 180.0   5.0 450.0                            LAT/LON1/LON2/DLON/H
   40   41   47   53   57   58   55   52   48   44   41   38   37   37   39   41
   41   41   41   42   44   47   50   51   51   49   45   40   35   30   26   23
   23   24   27   30   34   40   45   51   56   60   64   70   76   81   83   80
   74   68   65   66   72   80   87   92   91   87   82   76   70   63   56   51
   49   52   59   64   65   61   52   44   40
    40.0-180.0 180.0   5.0 450.0                            LAT/LON1/LON2/DLON/H
   38   38   43   49   54   55   53   51   48   46   43   41   40   40   42   43
   44   45   46   49   54   58   61   62   60   56   51   45   39   34   29   27
   26   27   30   34   38   43   49   56   61   66   69   73   78   81   82   79
   74   69   68   70   77   84   90   94   92   88   81   75   70   64   58   53
   52   56   62   68   68   62   52   43   38
    37.5-180.0 180.0   5.0 450.0                            LAT/LON1/LON2/DLON/H
   37   36   40   45   49   50   49   47   47   47   46   45   44   44   45   46
   47   48   51   56   62   67   70   70   66   61   55   49   43   38   34   30
   30   31   34   38   42   47   53   60   67   71   74   77   80   82   82   79
   75   73   73   77   83   90   95   97   96   91   85   79   74   70   64   59
   58   61   68   72   72   65   54   44   37
    35.0-180.0 180.0   5.0 450.0                            LAT/LON1/LON2/DLON/H
   41   38   39   42   44   44   43   43   45   48   49   49   48   48   48   48
   48   49   53   59   67   72   75   73   68   62   56   51   47   42   38   34
   33   35   38   42   46   51   57   65   72   77   80   81   83   84   83   81
   78   79   82   87   92   97  100  103  103   99   94   89   85   81   75   69
   67   69   75   79   77   70   59   48   41
    32.5-180.0 180.0   5.0 450.0                            LAT/LON1/LON2/DLON/H
   48   44   42   43   42   40   38   39   42   48   52   53   53   52   51   49
   48   49   53   60   68   73   74   72   66   60   54   51   48   45   41   38
   36   38   42   47   51   55   61   69   77   82   85   86   88   88   87   85
   84   87   93   99  102  105  108  112  115  114  111  107  103   98   91   84
   80   81   85   88   85   77   66   56   48
    30.0-180.0 180.0   5.0 450.0                            LAT/LON1/LON2/DLON/H
   59   53   49   47   44   40   36   36   40   47   53   56   56   55   53   50
   48   48   52   59   65   70   70   66   60   55   50   49   49   47   44   40
   38   41   47   52   56   59   65   72   81   87   90   93   95   96   95   92
   92   97  105  111  114  115  118  125  132  136  135  132  128  122  112  102
   96   95   98   99   95   86   77   67   59
    27.5-180.0 180.0   5.0 450.0                            LAT/LON1/LON2/DLON/H
   73   66   60   55   50   44   38   36   40   47   54   58   58   57   54   50
   47   46   49   55   60   63   62   58   53   48   45   46   47   47   45   41
   39   43   50   57   61   63   68   75   84   92   97  100  104  106  105  103
  103  108  117  124  125  125  130  140  153  162  164  162  157  149  136  122
  113  111  112  112  107   98   89   81   73
    25.0-180.0 180.0   5.0 450.0                            LAT/LON1/LON2/DLON/H
   87   79   72   67   61   53   44   39   41   47   54   58   59   58   55   51
   46   45   46   51   54   55   54   51   46   42   40   42   45   46   44   40
   39   44   53   60   64   66   70   78   88   98  105  110  116  120  120  116
  115  120  129  136  137  137  143  158  176  189  195  193  187  176  159  142
  130  126  128  127  121  111  102   95   87
    22.5-180.0 180.0   5.0 450.0                            LAT/LON1/LON2/DLON/H
   99   91   84   79   74   66   55   46   44   48   53   57   58   58   56   52
   47   44   45   47   48   48   47   45   41   38   36   38   42   44   42   38
   38   44   54   63   66   67   71   80   93  105  114  122  130  136  136  131
  127  131  140  147  149  150  157  176  198  215  222  221  214  200  180  159
  144  141  143  142  135  124  114  107   99
    20.0-180.0 180.0   5.0 450.0                            LAT/LON1/LON2/DLON/H
  107   99   93   91   89   81   68   55   49   49   52   55   57   58   57   53
   48   45   44   44   44   44   43   42   39   36   33   34   38   40   39   36
   36   43   54   63   67   67   71   82   98  113  125  135  145  152  153  146
  140  141  150  159  162  163  172  192  216  235  243  242  235  220  197  172
  156  152  156  156  147  135  124  116  107
    17.5-180.0 180.0   5.0 450.0                            LAT/LON1/LON2/DLON/H
  112  104  100  101  101   95   81   65   54   50   51   52   55   57   58   55
   50   47   45   44   43   42   43   43   40   36   31   31   34   36   35   33
   35   42   53   62   65   66   71   84  103  122  136  148  160  168  169  161
  152  151  159  169  174  177  186  206  230  247  255  255  249  235  211  183
  164  161  165  166  157  143  130  121  112
    15.0-180.0 180.0   5.0 450.0                            LAT/LON1/LON2/DLON/H
  113  106  103  107  111  106   91   73   59   52   50   50   53   57   58   57
   53   49   47   45   44   44   46   47   44   37   30   28   30   33   32   31
   33   41   52   60   62   64   71   87  109  131  147  160  172  181  182  173
  162  159  167  178  186  190  199  217  237  252  258  259  257  246  222  192
  171  166  171  172  163  147  133  123  113
    12.5-180.0 180.0   5.0 450.0                            LAT/LON1/LON2/DLON/H
  113  106  104  110  116  112   98   79   63   54   50   49   52   56   58   57
   54   51   49   47   47   48   51   52   47   38   29   26   28   30   30   29
   32   40   50   57   59   62   70   89  115  139  156  169  180  190  192  183
  171  166  173  186  196  202  210  224  240  251  255  258  261  254  232  201
  176  169  173  174  165  149  134  123  113
    10.0-180.0 180.0   5.0 450.0                            LAT/LON1/LON2/DLON/H
  114  106  104  110  116  114  100   82   66   56   51   50   52   55   58   57
   54   51   50   49   50   54   58   58   51   38   28   24   26   29   29   28
   31   39   48   54   57   61   71   92  119  144  162  173  183  193  196  190
  178  171  177  191  203  211  218  229  240  246  249  255  263  263  244  211
  183  171  172  172  164  149  135  124  114
     7.5-180.0 180.0   5.0 450.0                            LAT/LON1/LON2/DLON/H
  117  108  105  109  114  111   98   81   67   58   53   51   52   55   56   55
   53   50   50   50   53   59   64   63   53   38   27   24   26   29   29   28
   31   38   46   53   57   62   73   94  121  146  163  173  181  191  197  193
  182  175  180  193  207  216  224  232  239  242  244  253  267  273  258  225
  191  173  169  168  160  148  136  127  117
     5.0-180.0 180.0   5.0 450.0                            LAT/LON1/LON2/DLON/H
  123  113  107  108  111  107   94   79   67   60   57   55   54   55   55   53
   50   48   48   50   55   63   69   66   54   38   27   26   29   30   29   28
   31   37   46   53   59   66   78   96  121  144  160  168  175  185  193  193
  185  177  179  191  206  217  227  235  240  240  242  254  273  286  275  240
  201  175  165  161  155  146  139  132  123
     2.5-180.0 180.0   5.0 450.0                            LAT/LON1/LON2/DLON/H
  131  120  111  109  108  102   90   77   68   64   62   60   57   55   53   50
   47   46   46   49   55   64   71   67   53   37   28   29   33   33   30   27
   30   37   46   55   64   73   83   98  119  139  154  161  167  177  188  191
  185  177  177  186  201  215  228  238  243  244  246  259  282  299  291  257
  213  179  162  155  150  146  143  140  131
