emrg0230.18i
     1.0            IONOSPHERE MAPS     GNSS                IONEX VERSION / TYPE
Run_GlbDaily        NRCan/CGS           25-Jan-18 08:42     PGM / RUN BY / DATE
NRCAN'S GLOBAL IONOSPHERE MAPS FOR DAY 023, 2018            COMMENT
Global ionosphere maps (GIM) are generated on a daily basis DESCRIPTION
Contact:     Reza.Ghoddousi-Fard@canada.ca                  DESCRIPTION
  2018     1    23     0     0     0                        EPOCH OF FIRST MAP
  2018     1    24     0     0     0                        EPOCH OF LAST MAP
  3600                                                      INTERVAL
    25                                                      # OF MAPS IN FILE
  MOD                                                       MAPPING FUNCTION
    10.0                                                    ELEVATION CUTOFF
One-way carrier phase leveled to code                       OBSERVABLES USED
   367                                                      # OF STATIONS
    54                                                      # OF SATELLITES
  6371.0                                                    BASE RADIUS
     2                                                      MAP DIMENSION
   450.0 450.0   0.0                                        HGT1 / HGT2 / DHGT
    87.5 -87.5  -2.5                                        LAT1 / LAT2 / DLAT
  -180.0 180.0   5.0                                        LON1 / LON2 / DLON
    -1                                                      EXPONENT
TEC/RMS values in 0.1 TECU; 9999, if no value available     COMMENT
DCB values in ns; zero-mean condition wrt satellite values  COMMENT
                                                            END OF HEADER
[from data line 6006]
    15                                                      START OF TEC MAP
  2018     1    23    14     0     0                        EPOCH OF CURRENT MAP
    87.5-180.0 180.0   5.0 450.0                            LAT/LON1/LON2/DLON/H
   16   16   15   15   15   15   15   15   15   15   15   15   15   15   15   15
   15   15   15   16   16   16   16   17   17   17   18   18   18   19   19   19
   20   20   20   20   20   21   21   21   21   21   21   21   21   21   21   21
   21   21   21   21   20   20   20   20   20   19   19   19   19   18   18   18
   18   17   17   17   17   16   16   16   16
    85.0-180.0 180.0   5.0 450.0                            LAT/LON1/LON2/DLON/H
   15   15   15   15   15   14   14   14   14   13   13   13   13   13   13   13
   13   13   14   14   15   15   16   17   18   18   19   20   20   21   22   22
   23   23   24   24   24   25   25   25   25   25   25   25   25   25   25   25
   25   24   24   24   24   23   23   23   22   22   21   21   20   20   19   19
   18   18   17   17   17   16   16   16   15
    82.5-180.0 180.0   5.0 450.0                            LAT/LON1/LON2/DLON/H
   17   17   17   16   16   16   16   15   15   14   13   13   12   12   12   12
   12   12   13   13   14   15   16   18   19   20   22   23   24   25   26   27
   27   28   28   28   29   29   29   29   29   29   29   29   28   28   28   28
   28   28   28   28   27   27   27   26   25   25   24   23   22   21   20   20
   19   18   18   17   17   17   17   17   17
    80.0-180.0 180.0   5.0 450.0                            LAT/LON1/LON2/DLON/H
   19   19   20   20   20   20   19   18   17   16   15   14   13   12   11   11
   11   11   12   13   14   16   18   20   21   23   25   27   28   29   30   31
   32   32   33   33   33   33   33   32   32   32   32   32   31   31   31   31
   31   31   31   31   31   30   30   29   28   27   26   25   24   23   22   21
   20   19   18   18   18   18   18   18   19
    77.5-180.0 180.0   5.0 450.0                            LAT/LON1/LON2/DLON/H
   22   23   24   25   25   25   24   23   22   20   18   16   14   12   11   10
   10   11   12   14   15   18   20   23   25   27   29   31   33   34   35   36
   37   37   37   37   37   36   36   36   35   35   34   34   34   34   34   33
   33   33   33   33   33   33   32   32   31   30   28   27   26   24   23   22
   20   20   19   19   19   19   20   21   22
    75.0-180.0 180.0   5.0 450.0                            LAT/LON1/LON2/DLON/H
   25   27   28   30   30   31   30   29   27   24   21   18   16   13   12   11
   11   12   13   15   18   21   24   27   29   32   34   36   38   39   40   40
   41   41   41   40   40   39   39   38   38   37   37   36   36   36   35   35
   35   35   35   34   34   34   33   32   32   31   30   28   27   26   24   23
   22   21   20   20   20   21   22   24   25
    72.5-180.0 180.0   5.0 450.0                            LAT/LON1/LON2/DLON/H
   28   30   32   34   35   35   35   33   31   28   25   21   18   15   13   12
   12   14   16   19   22   25   28   31   34   37   39   40   42   43   43   44
   44   44   43   43   42   42   41   41   40   40   39   39   38   38   37   37
   36   35   35   34   33   33   32   32   31   30   30   29   28   27   26   25
   24   23   22   22   23   24   25   26   28
    70.0-180.0 180.0   5.0 450.0                            LAT/LON1/LON2/DLON/H
   31   33   35   37   38   38   38   36   34   31   27   23   20   17   15   14
   15   17   20   23   27   30   33   36   39   41   43   45   46   47   47   47
   46   46   45   45   44   44   43   43   43   43   42   42   41   41   40   38
   37   35   34   32   31   30   30   29   29   29   29   29   29   29   28   28
   27   27   26   26   26   27   28   29   31
    67.5-180.0 180.0   5.0 450.0                            LAT/LON1/LON2/DLON/H
   33   35   36   38   38   39   38   37   35   32   29   25   22   19   17   17
   19   21   24   28   32   35   38   41   43   45   47   49   50   50   50   50
   49   48   47   46   46   46   46   46   46   45   45   45   45   44   42   40
   38   35   33   30   28   27   26   26   26   27   28   29   30   31   32   32
   32   32   31   31   31   31   31   32   33
    65.0-180.0 180.0   5.0 450.0                            LAT/LON1/LON2/DLON/H
   36   36   37   37   37   37   37   36   34   32   29   26   23   21   20   21
   22   26   29   33   36   39   42   44   47   49   51   53   54   54   54   53
   51   50   49   48   48   48   48   48   48   49   49   49   48   47   45   42
   39   35   31   28   25   23   23   23   24   26   28   30   32   34   36   37
   38   38   37   37   36   36   35   35   36
    62.5-180.0 180.0   5.0 450.0                            LAT/LON1/LON2/DLON/H
   38   37   37   36   35   34   34   33   32   31   29   27   25   23   23   24
   26   29   33   37   39   42   44   46   49   52   54   57   58   59   58   57
   55   53   51   50   50   50   50   51   51   52   52   52   52   51   49   45
   40   35   30   26   23   21   21   21   23   26   29   32   36   39   41   43
   44   44   43   43   42   41   39   39   38
    60.0-180.0 180.0   5.0 450.0                            LAT/LON1/LON2/DLON/H
   41   39   38   36   34   32   30   30   29   29   28   27   26   25   25   26
   29   32   36   39   41   43   45   48   51   54   58   61   63   63   62   61
   58   56   54   53   53   53   54   54   54   54   55   55   55   54   52   47
   42   36   30   25   22   20   20   22   24   28   32   36   40   43   46   48
   49   49   49   48   47   45   44   42   41
    57.5-180.0 180.0   5.0 450.0                            LAT/LON1/LON2/DLON/H
   45   43   41   38   34   31   29   27   27   28   28   28   27   26   26   28
   31   34   37   40   42   43   45   48   53   57   62   66   68   68   67   64
   61   59   57   56   56   57   57   57   57   57   57   57   57   57   54   50
   43   36   30   25   22   22   23   25   28   32   36   40   44   47   49   51
   52   52   52   52   51   50   48   46   45
    55.0-180.0 180.0   5.0 450.0                            LAT/LON1/LON2/DLON/H
   49   47   45   42   38   33   29   27   27   28   29   28   28   27   27   28
   31   35   38   40   42   43   46   50   55   61   66   70   71   71   69   67
   64   61   60   59   60   61   61   61   60   59   58   59   59   59   57   52
   44   37   30   26   24   25   27   30   34   37   41   44   47   49   51   52
   52   53   54   54   54   53   52   50   49
    52.5-180.0 180.0   5.0 450.0                            LAT/LON1/LON2/DLON/H
   53   52   51   48   43   38   33   30   29   30   30   30   28   27   27   29
   32   35   38   40   42   44   48   53   59   65   70   73   74   73   70   68
   65   63   62   62   63   64   65   65   63   61   60   60   61   61   59   53
   45   37   30   27   27   29   33   36   40   43   46   48   49   50   50   50
   50   51   52   54   55   55   55   54   53
    50.0-180.0 180.0   5.0 450.0                            LAT/LON1/LON2/DLON/H
   55   56   56   54   50   45   39   35   33   33   33   32   30   28   27   29
   32   36   39   42   44   47   52   58   65   71   74   76   75   72   69   67
   65   64   64   64   66   68   69   69   67   63   61   60   62   63   61   55
   46   36   30   27   29   34   38   42   46   48   49   50   49   48   46   46
   46   47   49   53   56   57   57   56   55
    47.5-180.0 180.0   5.0 450.0                            LAT/LON1/LON2/DLON/H
   56   57   59   60   57   52   45   41   39   38   37   35   31   29   28   29
   33   37   42   46   49   53   59   65   72   76   78   77   74   70   67   65
   65   65   66   67   68   71   73   73   70   66   62   61   63   65   63   56
   46   36   29   28   32   38   44   48   50   51   51   49   47   44   41   40
   40   42   45   51   55   58   58   57   56
    45.0-180.0 180.0   5.0 450.0                            LAT/LON1/LON2/DLON/H
   54   55   59   62   62   57   51   47   45   44   42   38   34   30   29   30
   35   40   46   51   56   61   67   74   79   82   81   78   72   68   65   65
   66   68   69   70   71   73   75   76   73   68   64   62   64   66   65   58
   47   35   28   29   34   41   47   51   53   53   51   48   43   40   36   35
   34   36   41   48   55   59   58   56   54
    42.5-180.0 180.0   5.0 450.0                            LAT/LON1/LON2/DLON/H
   49   50   55   60   62   59   55   51   50   49   46   41   36   32   31   32
   37   44   51   58   64   70   76   82   86   87   84   78   72   68   66   67
   71   74   75   74   74   75   77   78   76   71   66   64   65   68   68   60
   48   35   28   30   37   45   50   53   53   52   49   45   40   36   33   31
   31   33   38   46   55   59   58   53   49
    40.0-180.0 180.0   5.0 450.0                            LAT/LON1/LON2/DLON/H
   43   42   48   55   59   58   54   53   53   52   50   45   39   35   33   35
   41   48   57   65   72   78   84   88   91   90   86   80   75   72   72   75
   80   84   84   81   78   77   78   80   78   74   68   65   67   70   70   63
   50   36   30   32   39   48   52   54   53   51   48   44   39   35   32   31
   30   31   36   45   54   59   57   49   43
    37.5-180.0 180.0   5.0 450.0                            LAT/LON1/LON2/DLON/H
   36   34   40   48   52   52   51   51   53   54   52   47   42   38   36   38
   44   52   62   71   78   84   89   92   93   91   88   85   82   82   85   90
   95   99   98   92   85   81   80   81   81   77   70   67   68   72   73   66
   53   39   33   36   44   51   54   54   53   51   48   44   39   37   36   35
   33   32   35   43   54   59   56   46   36
    35.0-180.0 180.0   5.0 450.0                            LAT/LON1/LON2/DLON/H
   32   28   33   40   45   45   44   47   51   54   53   49   44   41   40   41
   46   55   65   75   82   87   90   92   92   91   91   92   95   99  104  110
  116  119  116  106   95   86   83   84   84   80   74   69   69   73   75   70
   57   44   38   41   49   55   56   55   53   52   50   46   43   42   42   42
   38   34   34   42   53   59   56   44   32
    32.5-180.0 180.0   5.0 450.0                            LAT/LON1/LON2/DLON/H
   32   26   30   36   39   38   38   42   49   53   53   50   47   45   43   43
   47   56   67   77   83   86   88   88   89   90   94  102  113  122  129  136
  141  142  137  124  107   94   88   88   89   86   79   74   73   76   79   75
   63   51   45   49   56   61   59   56   54   54   53   51   49   49   51   50
   45   37   34   40   51   59   56   44   32
    30.0-180.0 180.0   5.0 450.0                            LAT/LON1/LON2/DLON/H
   37   31   33   37   37   34   32   37   46   52   53   51   50   49   47   45
   47   55   66   76   80   82   83   84   85   88   99  115  134  149  158  163
  167  167  159  143  123  106   97   95   96   94   88   81   79   81   85   81
   71   59   55   58   64   66   62   57   55   57   58   57   56   57   60   59
   51   40   33   37   48   58   58   48   37
    27.5-180.0 180.0   5.0 450.0                            LAT/LON1/LON2/DLON/H
   47   42   44   45   40   33   30   35   44   51   52   52   52   52   50   46
   47   54   65   73   76   77   77   79   81   88  104  129  156  176  186  190
  191  190  181  163  140  120  109  106  107  106  100   93   89   90   93   90
   81   70   65   68   73   72   65   59   58   61   63   62   62   64   67   65
   55   41   32   33   44   57   61   55   47
    25.0-180.0 180.0   5.0 450.0                            LAT/LON1/LON2/DLON/H
   60   58   59   57   48   37   32   36   44   50   51   52   54   56   53   48
   47   53   63   70   71   71   73   76   80   90  110  142  176  200  211  212
  212  209  200  182  158  137  124  121  122  122  117  110  104  104  105  102
   92   81   76   78   80   76   67   60   59   64   67   67   66   67   70   67
   55   40   29   29   40   55   64   64   60
    22.5-180.0 180.0   5.0 450.0                            LAT/LON1/LON2/DLON/H
   75   76   76   71   59   45   37   39   46   50   51   52   56   59   56   49
   47   54   63   68   67   67   71   77   83   94  117  153  192  219  229  229
  227  224  215  197  176  156  143  139  140  141  138  131  124  122  122  117
  106   93   86   86   86   80   68   60   61   66   70   68   67   67   68   64
   52   36   25   25   36   53   66   73   75
    20.0-180.0 180.0   5.0 450.0                            LAT/LON1/LON2/DLON/H
   88   91   91   84   69   53   44   44   49   51   50   52   57   61   58   51
   49   56   65   67   64   65   72   82   90  100  123  162  203  231  241  240
  237  234  226  210  191  174  164  160  161  163  162  155  148  144  142  135
  121  106   96   94   91   82   69   60   62   68   71   68   65   64   63   57
   44   30   20   21   32   50   68   81   88
    17.5-180.0 180.0   5.0 450.0                            LAT/LON1/LON2/DLON/H
   96  101  100   92   76   59   49   48   51   51   48   50   57   62   60   54
   53   60   68   68   63   65   77   91   99  108  129  167  209  237  246  245
  243  241  233  219  204  192  185  182  183  185  185  180  173  168  164  155
  138  118  105  100   95   84   69   61   63   69   70   66   61   59   56   48
   35   23   16   18   29   46   67   85   96
    15.0-180.0 180.0   5.0 450.0                            LAT/LON1/LON2/DLON/H
   98  103  101   92   77   61   52   50   51   49   45   47   55   62   61   56
   57   67   74   71   64   67   84  102  111  117  135  170  210  237  246  247
  247  245  238  225  214  208  205  203  203  205  206  203  197  191  186  174
  154  131  114  106   99   85   69   61   64   70   70   64   58   54   49   39
   27   17   14   17   26   42   64   85   98
    12.5-180.0 180.0   5.0 450.0                            LAT/LON1/LON2/DLON/H
   94   97   93   84   72   59   50   48   48   45   41   42   51   59   60   58
   63   73   79   74   66   71   92  114  124  127  140  171  208  233  242  246
  250  250  243  230  221  221  222  222  220  221  222  221  216  211  206  193
  170  143  123  112  103   87   71   63   66   71   69   62   55   52   45   34
   21   14   13   17   24   38   59   80   94
    10.0-180.0 180.0   5.0 450.0                            LAT/LON1/LON2/DLON/H
   85   85   79   71   61   51   45   43   42   39   34   36   45   55   58   59
   67   79   85   78   69   76  100  125  135  136  146  173  205  227  237  245
  254  257  249  235  228  231  236  236  233  231  232  232  229  226  222  209
  184  154  132  119  108   91   73   65   68   72   69   61   55   53   46   33
   20   14   15   18   24   35   54   74   85
     7.5-180.0 180.0   5.0 450.0                            LAT/LON1/LON2/DLON/H
   73   69   61   54   48   42   36   35   34   31   28   30   39   49   55   59
   70   84   90   82   73   81  108  134  145  144  152  175  202  220  232  245
  261  267  257  241  234  240  247  247  240  236  236  236  234  234  232  221
  196  165  141  127  114   95   76   67   70   74   70   62   58   57   52   38
   24   17   19   22   25   33   49   66   73
     5.0-180.0 180.0   5.0 450.0                            LAT/LON1/LON2/DLON/H
   62   54   44   39   37   33   28   26   26   25   23   25   33   43   50   58
   71   87   93   85   77   86  114  141  151  152  158  178  200  215  227  246
  268  279  268  250  242  248  255  253  244  237  235  234  233  235  236  229
  205  175  151  136  121  100   78   68   71   74   70   62   61   64   61   48
   31   24   24   26   27   33   46   59   62
     2.5-180.0 180.0   5.0 450.0                            LAT/LON1/LON2/DLON/H
   53   42   32   30   31   28   22   19   20   21   20   22   29   38   47   57
   71   88   95   89   83   93  119  144  155  158  165  183  199  210  222  247
  277  292  282  262  252  255  261  256  244  235  232  230  228  231  236  232
  212  184  160  144  128  104   79   67   70   73   69   62   64   71   72   59
   42   32   30   31   30   35   45   54   53
