emrg0230.18i
     1.0            IONOSPHERE MAPS     GNSS                IONEX VERSION / TYPE
Run_GlbDaily        NRCan/CGS           25-Jan-18 08:42     PGM / RUN BY / DATE
NRCAN'S GLOBAL IONOSPHERE MAPS FOR DAY 023, 2018            COMMENT
Global ionosphere maps (GIM) are generated on a daily basis DESCRIPTION
Contact:     Reza.Ghoddousi-Fard@canada.ca                  DESCRIPTION
  2018     1    23     0     0     0                        EPOCH OF FIRST MAP
  2018     1    24     0     0     0                        EPOCH OF LAST MAP
  3600                                                      INTERVAL
    25                                                      # OF MAPS IN FILE
  MOD                                                       MAPPING FUNCTION
    10.0                                                    ELEVATION CUTOFF
One-way carrier phase leveled to code                       OBSERVABLES USED
   367                                                      # OF STATIONS
    54                                                      # OF SATELLITES
  6371.0                                                    BASE RADIUS
     2                                                      MAP DIMENSION
   450.0 450.0   0.0                                        HGT1 / HGT2 / DHGT
    87.5 -87.5  -2.5                                        LAT1 / LAT2 / DLAT
  -180.0 180.0   5.0                                        LON1 / LON2 / DLON
    -1                                                      EXPONENT
TEC/RMS values in 0.1 TECU; 9999, if no value available     COMMENT
DCB values in ns; zero-mean condition wrt satellite values  COMMENT
                                                            END OF HEADER
[from data line 4719]
    12                                                      START OF TEC MAP
  2018     1    23    11     0     0                        EPOCH OF CURRENT MAP
    87.5-180.0 180.0   5.0 450.0                            LAT/LON1/LON2/DLON/H
   18   17   17   17   17   17   16   16   16   16   16   16   16   16   16   16
   16   16   16   16   16   17   17   17   17   18   18   18   18   19   19   19
   20   20   20   21   21   21   21   22   22   22   22   22   22   22   22   22
   22   22   22   22   22   22   22   22   22   21   21   21   21   20   20   20
   20   19   19   19   19   18   18   18   18
    85.0-180.0 180.0   5.0 450.0                            LAT/LON1/LON2/DLON/H
   17   17   16   16   16   15   15   15   15   14   14   14   14   14   14   14
   14   14   14   14   14   15   15   16   16   17   17   18   18   19   20   20
   21   21   22   23   23   24   24   25   25   25   26   26   26   26   26   26
   26   26   26   26   26   25   25   25   24   24   23   23   22   22   21   21
   20   20   19   19   18   18   18   17   17
    82.5-180.0 180.0   5.0 450.0                            LAT/LON1/LON2/DLON/H
   17   17   17   17   16   16   15   15   15   14   13   13   13   12   12   12
   12   12   12   12   13   13   14   14   15   16   17   18   18   19   20   21
   22   23   24   25   26   27   27   28   28   29   29   30   30   30   30   30
   30   30   30   29   29   29   28   28   27   26   26   25   24   23   23   22
   21   20   20   19   19   18   18   18   17
    80.0-180.0 180.0   5.0 450.0                            LAT/LON1/LON2/DLON/H
   19   19   19   19   18   18   17   17   16   15   14   13   12   11   11   10
   10   10   10   11   11   12   13   14   15   16   17   18   19   20   21   22
   24   25   26   27   29   30   31   32   32   33   33   33   33   33   33   33
   33   33   33   32   32   31   31   30   29   29   28   27   26   25   23   22
   21   21   20   19   19   19   19   19   19
    77.5-180.0 180.0   5.0 450.0                            LAT/LON1/LON2/DLON/H
   21   21   22   22   22   21   20   19   18   17   15   14   13   11   10   10
    9    9   10   10   11   12   13   14   16   17   18   19   20   21   22   24
   25   27   29   30   32   33   35   36   36   37   37   37   37   37   36   36
   36   35   35   34   34   33   33   32   31   30   29   28   26   25   24   23
   21   20   20   19   19   19   20   20   21
    75.0-180.0 180.0   5.0 450.0                            LAT/LON1/LON2/DLON/H
   23   24   25   25   25   25   24   23   21   20   18   16   14   12   10    9
    9    9    9   10   12   13   14   16   17   18   19   20   21   22   24   25
   27   29   31   33   35   37   39   40   41   41   41   41   40   40   39   38
   38   37   36   36   35   34   33   33   32   30   29   28   27   25   24   22
   21   20   19   19   20   20   21   22   23
    72.5-180.0 180.0   5.0 450.0                            LAT/LON1/LON2/DLON/H
   26   27   28   29   29   29   28   26   24   22   20   18   15   13   11   10
   10   10   10   11   13   15   17   18   20   21   22   22   23   24   25   27
   29   31   34   37   39   41   43   44   45   45   45   44   43   43   42   41
   40   39   38   37   36   34   33   32   31   30   29   28   26   25   23   22
   21   20   19   19   20   21   22   24   26
    70.0-180.0 180.0   5.0 450.0                            LAT/LON1/LON2/DLON/H
   28   30   31   32   32   32   30   29   27   25   22   20   17   15   13   12
   11   11   12   14   15   17   19   21   23   24   24   25   25   26   27   29
   31   34   37   40   43   45   47   48   48   48   48   47   46   46   45   44
   43   41   40   38   36   34   33   31   30   29   28   27   26   25   23   22
   21   20   20   20   21   22   24   26   28
    67.5-180.0 180.0   5.0 450.0                            LAT/LON1/LON2/DLON/H
   30   32   33   34   34   33   32   30   28   26   24   22   20   18   16   15
   14   14   15   16   18   20   22   24   26   27   27   27   28   29   30   32
   34   37   40   43   46   49   50   51   51   51   50   50   49   49   48   48
   46   44   42   40   37   34   32   31   29   28   27   27   26   26   25   24
   23   22   22   22   23   24   26   28   30
    65.0-180.0 180.0   5.0 450.0                            LAT/LON1/LON2/DLON/H
   33   34   35   35   35   33   32   30   28   27   26   24   23   21   20   19
   18   18   18   19   21   23   25   26   28   28   29   30   30   31   33   35
   37   40   44   47   49   51   53   53   53   53   52   52   52   53   53   52
   51   48   45   42   39   35   33   31   29   28   28   28   28   28   28   27
   27   26   25   25   26   27   29   31   33
    62.5-180.0 180.0   5.0 450.0                            LAT/LON1/LON2/DLON/H
   35   36   36   36   35   33   31   30   28   27   26   26   25   25   24   23
   22   21   21   22   23   24   26   27   28   29   30   31   32   34   36   38
   41   44   47   50   52   53   54   54   54   53   54   54   55   57   57   57
   56   53   49   45   41   37   34   32   31   30   31   31   32   33   33   33
   32   32   31   31   31   32   33   34   35
    60.0-180.0 180.0   5.0 450.0                            LAT/LON1/LON2/DLON/H
   38   39   38   37   36   34   31   29   28   27   27   27   28   28   27   27
   26   25   24   23   24   24   25   26   27   28   30   31   34   36   39   42
   45   48   50   52   53   54   54   54   54   54   55   56   58   61   62   63
   61   58   53   49   44   41   38   36   35   34   35   36   37   39   40   40
   39   39   38   38   38   38   38   38   38
    57.5-180.0 180.0   5.0 450.0                            LAT/LON1/LON2/DLON/H
   42   42   41   40   38   35   33   30   29   28   28   29   29   30   30   30
   28   27   25   24   24   24   24   24   25   27   29   31   35   39   43   47
   50   52   53   54   55   55   55   55   55   55   56   59   62   65   67   67
   65   62   57   52   48   45   42   41   40   40   41   42   44   45   46   47
   47   46   46   46   45   44   44   43   42
    55.0-180.0 180.0   5.0 450.0                            LAT/LON1/LON2/DLON/H
   46   45   44   43   42   39   36   33   31   30   29   30   30   31   32   31
   30   29   26   25   23   23   22   23   23   25   27   31   36   41   46   51
   54   56   57   56   56   56   56   56   57   58   59   62   66   69   71   71
   69   64   59   54   51   49   48   47   47   47   47   48   49   50   52   52
   53   53   54   54   53   52   50   47   46
    52.5-180.0 180.0   5.0 450.0                            LAT/LON1/LON2/DLON/H
   49   48   47   47   46   44   41   38   35   33   31   31   31   32   32   32
   31   30   27   25   23   22   22   22   23   24   27   32   37   43   49   54
   58   60   60   59   58   58   58   59   61   62   64   67   70   74   75   74
   70   65   60   56   54   53   54   54   54   53   52   52   53   54   55   55
   57   58   60   61   61   59   55   51   49
    50.0-180.0 180.0   5.0 450.0                            LAT/LON1/LON2/DLON/H
   50   49   50   51   51   50   47   44   40   37   35   33   32   32   33   33
   33   31   28   26   25   24   24   24   25   26   29   34   39   46   52   57
   61   63   63   62   60   60   62   64   66   68   70   73   76   78   78   76
   71   65   59   56   55   57   59   60   59   58   56   54   54   54   54   55
   57   60   64   67   67   64   59   54   50
    47.5-180.0 180.0   5.0 450.0                            LAT/LON1/LON2/DLON/H
   49   48   50   53   54   54   53   50   47   43   39   35   33   33   34   34
   34   33   31   29   28   28   29   29   30   31   34   38   43   49   55   60
   65   67   67   65   64   64   66   70   73   75   77   79   81   82   81   77
   71   63   58   55   56   59   62   64   63   60   57   54   52   51   51   52
   55   59   65   70   71   67   61   54   49
    45.0-180.0 180.0   5.0 450.0                            LAT/LON1/LON2/DLON/H
   46   46   48   52   55   56   56   55   52   48   43   38   35   34   35   37
   37   36   35   34   34   35   36   37   37   38   40   44   48   53   57   63
   67   70   71   70   68   69   72   76   80   82   84   85   86   86   84   79
   71   63   58   56   57   61   65   67   65   61   55   51   48   47   46   47
   50   56   64   70   72   68   60   51   46
    42.5-180.0 180.0   5.0 450.0                            LAT/LON1/LON2/DLON/H
   41   41   44   49   52   55   57   57   56   53   48   42   38   37   38   40
   42   41   40   40   41   43   45   46   46   47   49   52   55   58   61   65
   70   74   76   75   73   74   77   82   86   88   89   90   91   91   88   81
   73   65   59   57   59   63   67   68   66   60   53   48   44   42   42   42
   45   52   62   69   71   66   56   47   41
    40.0-180.0 180.0   5.0 450.0                            LAT/LON1/LON2/DLON/H
   35   35   39   43   47   50   53   56   58   56   52   46   41   40   42   45
   47   47   47   47   49   52   54   55   55   56   58   60   62   64   65   68
   73   79   82   81   79   79   82   86   90   91   92   93   95   95   92   86
   77   69   63   61   63   66   69   69   66   60   52   46   42   40   39   39
   42   49   59   67   68   62   52   41   35
    37.5-180.0 180.0   5.0 450.0                            LAT/LON1/LON2/DLON/H
   31   31   34   37   40   43   48   53   57   58   54   49   44   43   46   49
   52   52   52   53   55   59   62   63   63   63   65   68   71   71   71   72
   77   84   88   88   86   85   86   90   92   93   93   95   98  100   98   92
   83   76   71   68   69   70   72   72   68   61   53   47   44   42   41   39
   41   47   56   64   65   58   47   36   31
    35.0-180.0 180.0   5.0 450.0                            LAT/LON1/LON2/DLON/H
   30   30   31   32   33   35   40   48   55   58   56   51   47   46   49   52
   55   56   56   57   59   63   65   67   67   68   71   76   79   79   78   78
   83   90   96   97   94   91   91   93   94   93   94   96  102  106  105  100
   92   85   81   79   77   77   78   77   74   66   58   52   49   48   46   43
   42   46   54   62   62   55   44   34   30
    32.5-180.0 180.0   5.0 450.0                            LAT/LON1/LON2/DLON/H
   33   33   33   31   28   29   34   42   51   56   56   52   49   48   51   54
   56   57   56   57   59   62   65   67   67   68   73   81   87   89   87   86
   90   98  105  107  103   99   97   97   96   95   95   99  107  113  114  109
  102   97   94   91   89   87   86   86   82   75   67   61   59   58   55   50
   46   47   54   60   60   54   44   36   33
    30.0-180.0 180.0   5.0 450.0                            LAT/LON1/LON2/DLON/H
   41   41   38   33   27   25   30   39   48   54   55   53   50   49   51   53
   54   54   53   53   55   58   61   63   64   66   73   84   94   99   98   96
   99  107  115  118  114  109  105  103  101   99   99  105  114  122  123  119
  113  109  107  106  103  100   98   98   95   88   79   73   70   69   66   58
   50   49   53   59   60   55   47   42   41
    27.5-180.0 180.0   5.0 450.0                            LAT/LON1/LON2/DLON/H
   53   52   48   39   30   26   29   37   47   53   55   53   51   50   50   49
   49   48   47   46   47   50   55   57   59   62   70   84   99  108  110  108
  111  119  127  131  127  121  116  113  110  108  108  114  125  133  135  130
  124  121  121  121  118  114  112  112  110  103   93   86   83   81   75   64
   53   49   52   58   60   58   54   52   53
    25.0-180.0 180.0   5.0 450.0                            LAT/LON1/LON2/DLON/H
   67   66   59   48   38   32   33   39   47   52   54   54   52   50   48   45
   42   40   38   37   38   41   47   51   54   56   65   82  102  117  122  122
  124  132  141  144  141  135  130  127  125  122  123  129  139  147  147  141
  135  133  135  136  134  130  128  128  126  119  108   98   93   89   81   67
   53   47   49   57   62   63   63   64   67
    22.5-180.0 180.0   5.0 450.0                            LAT/LON1/LON2/DLON/H
   80   79   70   58   47   40   40   43   48   52   54   54   54   52   47   41
   36   32   30   28   29   33   40   46   50   52   60   78  103  124  134  136
  138  146  155  159  157  151  147  145  144  142  143  148  157  163  161  153
  146  144  148  151  150  146  143  143  141  133  121  109  101   94   83   66
   50   42   45   55   63   68   72   76   80
    20.0-180.0 180.0   5.0 450.0                            LAT/LON1/LON2/DLON/H
   90   88   79   67   56   50   48   49   50   52   54   55   56   54   48   39
   31   26   23   22   21   26   35   44   48   48   54   73  102  129  145  150
  153  160  169  174  173  168  165  165  166  165  166  171  177  180  176  166
  157  155  160  164  164  160  157  156  153  145  131  117  105   95   82   62
   44   36   40   52   64   72   79   86   90
    17.5-180.0 180.0   5.0 450.0                            LAT/LON1/LON2/DLON/H
   95   91   83   72   64   59   56   53   52   52   53   56   58   56   49   38
   29   23   20   18   18   23   33   45   49   48   50   68   99  132  154  163
  167  174  183  188  188  184  183  185  188  190  191  195  199  199  192  180
  169  166  171  177  177  173  168  165  162  154  139  122  107   94   78   57
   38   30   35   49   63   75   84   91   95
    15.0-180.0 180.0   5.0 450.0                            LAT/LON1/LON2/DLON/H
   94   89   81   73   68   65   61   56   52   50   51   55   59   59   52   40
   29   23   20   19   18   23   35   48   52   49   48   63   95  132  159  172
  179  186  195  201  201  199  199  202  208  212  215  217  218  216  207  194
  182  178  182  187  188  182  175  171  168  160  145  127  109   93   75   54
   34   26   32   46   62   75   85   92   94
    12.5-180.0 180.0   5.0 450.0                            LAT/LON1/LON2/DLON/H
   88   83   76   71   69   67   62   56   50   47   48   53   58   59   54   43
   32   26   24   23   22   26   39   52   57   51   47   59   91  130  161  178
  187  195  205  211  212  210  210  215  223  229  233  235  235  232  223  209
  196  190  192  197  197  190  180  173  170  165  151  131  111   93   74   53
   35   26   31   45   61   74   83   88   88
    10.0-180.0 180.0   5.0 450.0                            LAT/LON1/LON2/DLON/H
   80   73   68   66   67   66   61   53   46   42   43   47   54   57   54   44
   35   30   29   29   28   32   43   56   61   55   49   58   88  127  160  180
  191  201  212  219  220  218  218  223  232  241  246  248  248  245  237  224
  210  202  202  205  205  196  183  174  171  168  157  137  115   96   77   58
   41   31   34   46   60   71   79   82   80
     7.5-180.0 180.0   5.0 450.0                            LAT/LON1/LON2/DLON/H
   72   65   60   60   64   64   58   49   41   37   37   40   46   51   51   44
   36   33   34   35   35   38   48   60   64   59   52   60   87  124  156  178
  191  203  216  224  225  223  221  226  235  246  253  256  256  254  249  238
  224  213  210  213  211  200  184  174  173  173  165  145  122  101   84   67
   52   42   41   48   59   69   75   76   72
     5.0-180.0 180.0   5.0 450.0                            LAT/LON1/LON2/DLON/H
   67   59   55   57   61   61   55   46   38   34   32   33   37   42   44   41
   36   34   37   41   42   44   51   61   66   63   58   65   88  121  150  172
  187  202  217  226  228  225  222  225  234  245  254  258  259  259  257  249
  235  222  217  218  217  204  187  175  175  179  173  155  130  108   92   80
   66   55   50   53   60   67   72   72   67
     2.5-180.0 180.0   5.0 450.0                            LAT/LON1/LON2/DLON/H
   66   58   54   57   61   61   55   46   38   33   29   26   27   32   36   35
   32   32   38   43   46   48   52   60   66   66   66   73   92  119  143  163
  181  199  216  227  230  226  221  221  229  241  251  256  258  261  262  257
  244  229  222  223  221  209  190  178  179  186  183  164  137  114  101   92
   82   70   61   58   61   67   72   72   66
