emrg0230.18i
     1.0            IONOSPHERE MAPS     GNSS                IONEX VERSION / TYPE
Run_GlbDaily        NRCan/CGS           25-Jan-18 08:42     PGM / RUN BY / DATE
NRCAN'S GLOBAL IONOSPHERE MAPS FOR DAY 023, 2018            COMMENT
Global ionosphere maps (GIM) are generated on a daily basis DESCRIPTION
Contact:     Reza.Ghoddousi-Fard@canada.ca                  DESCRIPTION
  2018     1    23     0     0     0                        EPOCH OF FIRST MAP
  2018     1    24     0     0     0                        EPOCH OF LAST MAP
  3600                                                      INTERVAL
    25                                                      # OF MAPS IN FILE
  MOD                                                       MAPPING FUNCTION
    10.0                                                    ELEVATION CUTOFF
One-way carrier phase leveled to code                       OBSERVABLES USED
   367                                                      # OF STATIONS
    54                                                      # OF SATELLITES
  6371.0                                                    BASE RADIUS
     2                                                      MAP DIMENSION
   450.0 450.0   0.0                                        HGT1 / HGT2 / DHGT
    87.5 -87.5  -2.5                                        LAT1 / LAT2 / DLAT
  -180.0 180.0   5.0                                        LON1 / LON2 / DLON
    -1                                                      EXPONENT
TEC/RMS values in 0.1 TECU; 9999, if no value available     COMMENT
DCB values in ns; zero-mean condition wrt satellite values  COMMENT
                                                            END OF HEADER
[from data line 2574]
     7                                                      START OF TEC MAP
  2018     1    23     6     0     0                        EPOCH OF CURRENT MAP
    87.5-180.0 180.0   5.0 450.0                            LAT/LON1/LON2/DLON/H
   22   22   22   21   21   21   21   20   20   20   20   20   19   19   19   19
   19   19   19   19   19   19   19   19   19   19   19   20   20   20   20   20
   21   21   21   21   22   22   22   23   23   24   24   24   25   25   25   26
   26   26   26   26   27   27   27   27   27   27   26   26   26   26   25   25
   25   25   24   24   23   23   23   22   22
    85.0-180.0 180.0   5.0 450.0                            LAT/LON1/LON2/DLON/H
   21   21   20   20   19   19   19   19   18   18   18   18   18   17   17   17
   17   17   17   17   17   17   17   17   17   17   17   17   18   18   18   18
   19   19   20   20   21   21   22   23   23   24   25   26   26   27   28   29
   30   30   31   31   32   32   32   32   32   32   31   31   30   29   29   28
   27   26   25   24   24   23   22   22   21
    82.5-180.0 180.0   5.0 450.0                            LAT/LON1/LON2/DLON/H
   20   19   19   19   18   18   18   18   18   17   17   17   17   17   16   16
   16   16   15   15   15   15   15   15   15   16   16   16   16   17   17   17
   18   18   19   19   20   21   21   22   23   24   25   26   28   29   31   32
   33   35   36   37   37   38   38   38   38   38   37   36   35   33   32   30
   29   27   26   25   23   22   21   20   20
    80.0-180.0 180.0   5.0 450.0                            LAT/LON1/LON2/DLON/H
   19   19   18   18   18   18   18   18   18   18   17   17   17   16   16   16
   15   15   15   15   15   15   15   15   15   15   16   16   16   17   17   17
   18   18   18   19   19   20   21   22   23   24   25   27   28   30   32   34
   37   39   40   42   43   44   45   45   45   44   43   41   39   37   35   33
   30   28   26   24   23   21   20   20   19
    77.5-180.0 180.0   5.0 450.0                            LAT/LON1/LON2/DLON/H
   19   19   19   19   19   19   19   19   19   19   18   18   17   17   16   16
   15   15   15   15   15   15   15   16   16   16   17   17   17   18   18   18
   19   19   19   19   20   20   21   21   22   23   25   27   29   31   34   37
   39   42   45   47   49   51   51   52   51   50   48   46   44   41   38   35
   32   29   27   25   23   21   20   20   19
    75.0-180.0 180.0   5.0 450.0                            LAT/LON1/LON2/DLON/H
   21   21   21   21   22   22   22   21   21   20   20   19   18   17   17   16
   16   16   15   16   16   16   17   17   18   18   19   19   20   20   20   20
   20   20   20   20   21   21   21   22   22   23   24   26   29   31   35   38
   42   46   49   52   55   56   57   57   57   55   54   51   48   45   41   38
   34   31   28   26   24   23   22   21   21
    72.5-180.0 180.0   5.0 450.0                            LAT/LON1/LON2/DLON/H
   25   25   25   25   25   25   24   24   23   22   21   20   19   18   17   17
   16   16   16   16   17   18   18   19   20   21   21   22   22   22   22   22
   22   22   22   21   21   21   22   22   22   23   24   26   29   32   36   40
   45   49   53   57   59   61   62   62   61   60   58   55   52   48   45   41
   37   34   31   29   27   26   25   25   25
    70.0-180.0 180.0   5.0 450.0                            LAT/LON1/LON2/DLON/H
   29   29   29   29   28   27   27   26   25   24   23   21   20   19   18   18
   17   17   17   18   18   19   20   21   22   23   24   24   25   25   24   24
   23   23   22   22   22   22   22   22   23   23   24   26   29   33   37   42
   47   52   57   61   63   65   66   66   65   63   61   58   55   52   48   44
   41   38   35   32   31   30   29   29   29
    67.5-180.0 180.0   5.0 450.0                            LAT/LON1/LON2/DLON/H
   34   34   33   32   31   30   28   27   26   25   24   22   21   20   19   19
   18   18   18   19   19   20   21   22   23   25   26   27   27   27   26   25
   24   23   22   22   22   22   22   23   23   24   25   27   30   34   39   45
   50   56   60   64   66   68   68   68   67   66   64   61   58   55   52   48
   45   42   39   37   35   35   34   34   34
    65.0-180.0 180.0   5.0 450.0                            LAT/LON1/LON2/DLON/H
   38   37   36   34   32   31   29   28   27   26   25   24   23   22   21   21
   20   20   19   19   19   20   21   22   24   26   27   28   29   28   27   25
   23   22   21   20   21   21   22   23   23   24   25   28   31   36   42   48
   54   59   63   66   68   69   70   69   69   68   66   64   61   58   55   52
   49   46   43   41   40   39   39   39   38
    62.5-180.0 180.0   5.0 450.0                            LAT/LON1/LON2/DLON/H
   42   40   38   35   33   31   30   29   28   27   27   26   25   24   23   23
   22   21   20   19   19   19   20   22   24   26   28   29   30   29   27   25
   23   20   19   19   19   20   22   23   24   25   26   29   33   38   44   51
   57   61   65   67   69   70   70   70   71   70   69   67   65   62   59   56
   52   49   47   45   43   43   43   42   42
    60.0-180.0 180.0   5.0 450.0                            LAT/LON1/LON2/DLON/H
   44   42   39   36   33   31   30   29   29   29   29   28   27   27   26   25
   24   22   21   19   19   19   19   21   23   25   28   29   30   29   28   25
   22   19   17   17   18   20   22   23   24   25   27   30   35   41   47   54
   59   63   66   67   68   69   70   72   73   73   73   71   69   66   63   59
   56   52   49   47   46   45   45   45   44
    57.5-180.0 180.0   5.0 450.0                            LAT/LON1/LON2/DLON/H
   45   42   39   36   33   32   31   31   32   32   31   30   30   29   29   28
   26   24   21   19   18   18   19   20   22   25   27   29   30   30   28   24
   21   18   16   16   18   20   22   24   25   26   28   32   37   43   50   57
   61   64   65   66   66   68   70   73   76   78   78   76   73   70   66   62
   59   55   52   49   47   46   46   46   45
    55.0-180.0 180.0   5.0 450.0                            LAT/LON1/LON2/DLON/H
   46   43   40   37   34   33   33   34   35   35   34   33   32   32   31   31
   29   26   22   20   18   18   19   21   23   25   27   29   30   30   28   24
   21   18   16   17   18   21   23   25   26   28   30   34   39   46   53   59
   63   64   64   64   64   67   71   76   80   83   83   81   77   73   69   65
   61   57   54   51   49   48   47   47   46
    52.5-180.0 180.0   5.0 450.0                            LAT/LON1/LON2/DLON/H
   47   44   41   38   36   36   37   39   40   39   37   35   34   33   34   33
   31   28   24   21   20   21   22   23   24   26   28   30   31   30   28   25
   21   18   17   18   20   23   25   27   28   30   32   37   43   50   56   61
   64   64   62   61   62   66   72   78   84   88   88   85   80   75   70   66
   63   59   56   53   51   50   49   49   47
    50.0-180.0 180.0   5.0 450.0                            LAT/LON1/LON2/DLON/H
   49   46   43   41   40   40   42   44   45   43   40   37   35   34   35   35
   34   30   27   25   24   26   27   28   28   28   29   30   31   31   28   25
   22   19   19   20   22   25   27   29   30   32   35   40   46   53   60   64
   65   63   61   60   61   66   73   81   88   92   91   87   81   75   70   67
   64   61   58   56   54   53   53   51   49
    47.5-180.0 180.0   5.0 450.0                            LAT/LON1/LON2/DLON/H
   52   48   45   43   43   44   47   49   50   47   43   38   35   35   37   38
   37   34   31   30   31   33   34   34   33   32   31   32   32   31   29   26
   23   21   21   22   25   28   30   31   32   35   38   44   50   58   63   66
   66   63   61   60   62   68   76   84   91   95   93   87   80   73   69   66
   65   63   62   60   59   59   58   55   52
    45.0-180.0 180.0   5.0 450.0                            LAT/LON1/LON2/DLON/H
   55   51   47   46   46   47   50   53   54   51   45   39   36   36   38   40
   40   38   36   37   39   42   43   42   39   36   34   34   33   32   30   27
   24   22   23   25   28   30   32   33   35   38   42   48   55   62   66   68
   67   65   62   62   66   71   79   87   93   95   93   86   78   71   67   65
   65   65   65   65   65   65   64   60   55
    42.5-180.0 180.0   5.0 450.0                            LAT/LON1/LON2/DLON/H
   58   52   48   46   46   48   51   55   56   54   48   41   37   37   40   43
   44   43   42   44   49   52   53   49   44   40   37   36   35   34   31   28
   25   24   25   28   31   33   34   35   37   41   46   53   60   66   70   71
   69   67   66   67   71   77   83   90   94   95   91   84   76   69   65   65
   66   67   68   70   72   72   70   65   58
    40.0-180.0 180.0   5.0 450.0                            LAT/LON1/LON2/DLON/H
   61   53   48   46   45   47   50   54   57   56   51   44   39   39   43   47
   48   48   49   52   58   61   61   56   48   43   40   39   38   36   33   30
   27   26   28   31   34   35   36   37   40   45   51   58   65   70   73   73
   71   70   70   73   78   84   89   93   96   96   92   84   76   70   67   66
   68   69   71   75   78   79   76   70   61
    37.5-180.0 180.0   5.0 450.0                            LAT/LON1/LON2/DLON/H
   63   54   48   44   43   43   46   51   56   58   54   48   43   42   46   50
   52   52   54   59   65   68   66   59   51   45   42   41   41   39   36   32
   30   29   32   35   38   38   38   39   43   49   56   63   69   74   76   76
   74   74   76   81   87   91   95   98   99   99   96   89   82   76   72   71
   72   73   75   79   84   86   82   74   63
    35.0-180.0 180.0   5.0 450.0                            LAT/LON1/LON2/DLON/H
   66   55   48   43   40   38   40   46   54   59   58   53   47   46   49   53
   55   55   57   63   69   71   68   59   51   45   44   44   44   42   39   35
   33   33   36   39   42   42   41   42   46   53   62   69   74   77   79   79
   78   79   83   89   95  100  103  105  106  107  106  101   94   88   84   81
   79   79   80   85   90   92   88   78   66
    32.5-180.0 180.0   5.0 450.0                            LAT/LON1/LON2/DLON/H
   70   58   50   44   39   35   36   42   52   60   62   58   52   50   52   54
   56   56   58   63   69   71   66   57   49   45   45   46   46   44   41   39
   37   38   41   44   46   46   44   45   50   59   68   75   79   81   83   83
   83   85   90   97  104  109  112  115  118  122  123  120  115  108  102   97
   92   89   89   93   97   99   94   83   70
    30.0-180.0 180.0   5.0 450.0                            LAT/LON1/LON2/DLON/H
   76   65   56   49   41   35   34   40   51   61   65   62   57   53   53   55
   55   55   57   61   66   66   61   52   46   44   45   47   47   45   43   41
   41   42   45   49   51   49   47   48   54   64   74   81   84   86   87   88
   89   92   97  104  111  117  122  128  135  142  147  147  142  135  126  118
  109  104  102  104  107  107  101   89   76
    27.5-180.0 180.0   5.0 450.0                            LAT/LON1/LON2/DLON/H
   86   75   66   57   48   40   36   41   51   61   67   65   60   56   54   54
   53   52   53   57   60   59   54   47   43   43   45   46   46   44   43   43
   43   45   49   53   54   52   50   51   59   70   81   87   90   92   94   96
   98  101  105  111  119  126  134  144  156  167  176  178  174  166  155  142
  132  124  121  121  121  118  110   98   86
    25.0-180.0 180.0   5.0 450.0                            LAT/LON1/LON2/DLON/H
   99   89   79   69   58   49   43   45   52   61   67   66   62   56   53   51
   50   48   48   51   53   52   47   42   41   42   44   44   43   41   41   43
   44   47   50   54   55   53   51   54   63   76   87   93   96   99  102  106
  109  111  115  120  127  135  147  161  178  194  206  210  207  197  184  169
  156  148  144  142  138  131  121  110   99
    22.5-180.0 180.0   5.0 450.0                            LAT/LON1/LON2/DLON/H
  113  105   95   83   71   61   54   52   55   60   65   65   61   56   51   49
   46   44   44   45   46   46   43   40   40   42   43   41   38   37   38   41
   43   46   49   52   53   51   51   56   67   82   94  100  103  106  112  117
  122  124  126  129  135  145  159  178  199  219  233  239  237  226  211  194
  182  174  171  167  159  147  134  123  113
    20.0-180.0 180.0   5.0 450.0                            LAT/LON1/LON2/DLON/H
  128  120  109   97   85   75   67   61   58   58   60   61   59   54   50   46
   44   42   41   41   42   42   41   40   41   42   41   37   33   32   34   38
   40   42   44   47   48   47   48   56   70   87   99  106  110  114  121  129
  135  138  139  141  145  155  172  194  217  239  254  261  260  249  233  216
  204  199  198  193  181  164  148  136  128
    17.5-180.0 180.0   5.0 450.0                            LAT/LON1/LON2/DLON/H
  141  133  121  108   97   88   80   71   61   56   55   56   56   53   49   45
   43   41   40   40   40   42   43   43   43   42   38   33   29   29   31   34
   36   37   38   40   40   41   45   56   73   91  104  111  115  121  130  140
  147  152  153  153  156  166  183  206  230  251  266  274  274  265  249  232
  221  220  221  216  200  179  160  148  141
    15.0-180.0 180.0   5.0 450.0                            LAT/LON1/LON2/DLON/H
  151  142  128  114  104   99   91   79   64   53   49   52   54   52   48   45
   44   43   42   41   42   45   47   49   47   43   36   30   27   28   30   32
   31   31   31   31   32   33   40   55   75   94  108  115  120  127  137  148
  158  164  166  165  167  176  193  215  237  255  268  278  281  274  259  242
  232  233  237  232  215  191  170  158  151
    12.5-180.0 180.0   5.0 450.0                            LAT/LON1/LON2/DLON/H
  156  146  131  116  108  105   99   85   66   50   45   48   52   52   49   47
   47   47   46   45   46   50   55   56   51   43   35   30   29   30   31   30
   28   25   24   24   24   27   36   54   76   96  110  117  123  130  141  153
  165  173  176  176  177  185  200  220  238  252  264  275  282  279  265  247
  237  239  244  241  223  198  176  163  156
    10.0-180.0 180.0   5.0 450.0                            LAT/LON1/LON2/DLON/H
  158  146  130  115  108  108  104   89   67   49   43   47   53   54   51   49
   50   51   50   49   51   57   62   63   55   44   35   32   33   36   35   31
   26   22   21   20   19   23   34   54   78   98  110  117  123  131  142  154
  167  177  183  184  184  191  205  222  235  245  254  268  280  282  269  250
  237  237  242  240  223  199  177  165  158
     7.5-180.0 180.0   5.0 450.0                            LAT/LON1/LON2/DLON/H
  156  144  127  113  108  109  105   91   69   50   44   49   55   56   54   52
   54   56   55   53   55   63   70   69   59   45   36   36   41   44   41   33
   25   21   20   19   18   22   34   56   79   98  109  116  122  130  141  152
  165  177  184  186  188  195  208  223  232  237  245  261  279  286  275  253
  235  230  233  231  217  195  175  164  156
     5.0-180.0 180.0   5.0 450.0                            LAT/LON1/LON2/DLON/H
  152  141  126  113  109  109  106   92   71   55   50   54   59   59   56   55
   58   59   58   56   58   67   75   73   61   46   39   42   50   53   47   35
   26   22   23   23   22   25   37   59   81   98  107  113  120  128  137  148
  161  173  181  183  186  195  210  224  230  231  238  257  280  293  285  260
  234  221  218  216  205  187  171  160  152
     2.5-180.0 180.0   5.0 450.0                            LAT/LON1/LON2/DLON/H
  148  138  127  118  114  112  106   93   75   62   59   62   65   63   59   58
   61   62   59   56   59   69   77   76   63   48   42   48   58   61   52   37
   27   26   29   30   29   31   43   63   83   97  104  110  117  125  134  144
  155  166  173  176  180  192  210  226  231  230  236  257  285  304  298  270
  237  213  203  198  191  178  165  156  148
